SSerial connected. Beginning program...
Data is in CSV format below
26,-46,922400,66,
0,0,8916993,0,phantom
0,0,4004809,0,phantom
22,-40,919600,66,
22,-40,919600,66,
22,-40,919600,66,
22,-40,919600,66,
22,-40,919600,66,
22,-40,919600,66,
22,-40,919600,66,
22,-40,919600,66,
22,-40,919600,66,
22,-40,919600,66,
0,0,3939272,0,phantom
22,-40,924800,66,
22,-40,924800,66,
22,-40,924800,66,
22,-40,924800,66,
22,-40,924800,66,
22,-40,924800,66,
22,-40,924800,66,
22,-40,924800,66,
22,-40,924800,66,
22,-40,924800,66,
0,0,4004809,0,phantom
22,-40,922600,66,
22,-40,922600,66,
22,-40,922600,66,
22,-40,922600,66,
22,-40,922600,66,
22,-40,922600,66,
22,-40,922600,66,
0,0,2621467,0,phantom
0,0,15290448,0,phantom
0,0,4004809,0,phantom
1,-1,16777215,16,phantom
0,0,4004809,0,phantom
22,-40,917800,66,
22,-40,917800,66,
22,-40,917800,66,
22,-40,917800,66,
22,-40,917800,66,
22,-40,917800,66,
22,-39,917800,66,
22,-40,917800,66,
22,-40,917800,66,
22,-39,917800,66,
0,0,3873743,0,phantom
22,-40,922800,66,
22,-39,922800,66,
22,-40,922800,66,
22,-39,922800,66,
22,-39,922800,66,
22,-39,922800,66,
22,-40,922800,66,
22,-39,922800,66,
22,-39,922800,66,
22,-39,922800,66,
0,0,4004809,0,phantom
22,-39,919000,66,
22,-40,919000,66,
22,-40,919000,66,
22,-40,919000,66,
22,-40,919000,66,
22,-40,919000,66,
22,-39,919000,66,
0,0,2621467,0,phantom
0,0,15224913,0,phantom
0,0,4004809,0,phantom
1,-1,16777215,255,phantom
Unknown error
0,0,4070346,0,phantom
22,-40,924200,66,
22,-40,924200,66,
22,-40,924200,66,
22,-40,924200,66,
22,-40,924200,66,
22,-40,924200,66,
22,-40,924200,66,
22,-41,924200,66,
22,-40,924200,66,
22,-40,924200,66,
0,0,3939272,0,phantom
23,-41,918000,66,
23,-40,918000,66,
22,-40,918000,66,
22,-40,918000,66,
23,-40,918000,66,
22,-40,918000,66,
22,-40,918000,66,
23,-40,918000,66,
23,-40,918000,66,
23,-40,918000,66,
0,0,4004809,0,phantom
22,-40,927200,66,
22,-40,927200,66,
22,-40,927200,66,
22,-40,927200,66,
22,-40,927200,66,
22,-40,927200,66,
0,0,2621466,0,phantom
0,0,15290448,0,phantom
0,0,4004809,0,phantom
22,-40,920000,66,
Unknown error
0,0,4004809,0,phantom
22,-40,923600,66,
22,-40,923600,66,
22,-40,923600,66,
22,-40,923600,66,
22,-40,923600,66,
22,-40,923600,66,
22,-40,923600,66,
22,-40,923600,66,
22,-40,923600,66,
22,-40,923600,66,
0,0,3939272,0,phantom
22,-40,921800,66,
22,-40,921800,66,
22,-40,921800,66,
22,-40,921800,66,
22,-40,921800,66,
22,-40,921800,66,
22,-40,921800,66,
22,-40,921800,66,
Tag recording finished
22,-40,921800,66,
0,0,8916993,0,phantom
0,0,4070346,0,phantom
22,-38,924000,86,
22,-38,924000,86,
22,-38,924000,86,
22,-38,924000,86,
22,-38,924000,86,
22,-38,924000,86,
22,-38,924000,86,
22,-38,924000,86,
22,-38,924000,86,
22,-39,924000,86,
0,0,4135883,0,phantom
22,-39,919800,86,
23,-39,919800,86,
23,-39,919800,86,
22,-38,919800,86,
22,-38,919800,86,
22,-38,919800,86,
22,-38,919800,86,
23,-38,919800,86,
23,-38,919800,86,
23,-38,919800,86,
0,0,4004809,0,phantom
22,-38,926200,86,
22,-38,926200,86,
22,-38,926200,86,
22,-38,926200,86,
22,-38,926200,86,
22,-38,926200,86,
22,-38,926200,86,
0,0,2621467,0,phantom
0,0,15487061,0,phantom
0,0,4135883,0,phantom
16,-1,16777215,14,phantom
0,0,4070346,0,phantom
22,-38,923400,86,
22,-38,923400,86,
22,-38,923400,86,
22,-39,923400,86,
22,-38,923400,86,
22,-38,923400,86,
22,-38,923400,86,
22,-38,923400,86,
22,-38,923400,86,
22,-38,923400,86,
0,0,4070346,0,phantom
22,-38,925600,86,
22,-38,925600,86,
22,-38,925600,86,
22,-38,925600,86,
22,-38,925600,86,
22,-38,925600,86,
22,-38,925600,86,
22,-38,925600,86,
22,-38,925600,86,
22,-38,925600,86,
0,0,4070346,0,phantom
22,-38,926000,86,
22,-38,926000,86,
22,-38,926000,86,
22,-38,926000,86,
22,-38,926000,86,
22,-38,926000,86,
22,-38,926000,86,
0,0,2621467,0,phantom
0,0,15487061,0,phantom
0,0,4070346,0,phantom
31,-1,16776966,48,phantom
0,0,4070346,0,phantom
22,-38,921200,86,
22,-38,921200,86,
22,-39,921200,86,
22,-38,921200,86,
22,-38,921200,86,
22,-39,921200,86,
22,-38,921200,86,
22,-38,921200,86,
22,-38,921200,86,
23,-38,921200,86,
0,0,4135883,0,phantom
22,-38,926600,86,
22,-38,926600,86,
22,-38,926600,86,
22,-38,926600,86,
22,-38,926600,86,
22,-38,926600,86,
22,-38,926600,86,
22,-38,926600,86,
22,-38,926600,86,
0,0,4070346,0,phantom
22,-38,926800,86,
22,-38,926800,86,
22,-38,926800,86,
22,-38,926800,86,
22,-38,926800,86,
22,-38,926800,86,
0,0,2621465,0,phantom
0,0,15290448,0,phantom
0,0,4070346,0,phantom
31,-1,16727814,224,phantom
Unknown error
0,0,4070346,0,phantom
22,-38,919800,86,
22,-38,919800,86,
23,-38,919800,86,
22,-38,919800,86,
22,-38,919800,86,
22,-38,919800,86,
22,-38,919800,86,
22,-38,919800,86,
22,-38,919800,86,
23,-38,919800,86,
0,0,4070346,0,phantom
22,-38,926200,86,
22,-38,926200,86,
22,-38,926200,86,
22,-38,926200,86,
22,-38,926200,86,
22,-38,926200,86,
22,-38,926200,86,
22,-38,926200,86,
22,-38,926200,86,
22,-38,926200,86,
Tag recording finished
0,0,4135883,0,phantom
22,-38,925000,86,
Unknown error
0,0,4135883,0,phantom
22,-40,918600,71,
22,-40,918600,71,
22,-40,918600,71,
22,-40,918600,71,
22,-40,918600,71,
22,-40,918600,71,
22,-40,918600,71,
22,-40,918600,71,
22,-40,918600,71,
22,-40,918600,71,
0,0,4135883,0,phantom
22,-40,918800,71,
22,-40,918800,71,
22,-40,918800,71,
22,-40,918800,71,
22,-40,918800,71,
22,-40,918800,71,
22,-40,918800,71,
22,-40,918800,71,
22,-40,918800,71,
22,-40,918800,71,
0,0,4070346,0,phantom
22,-40,923000,71,
22,-40,923000,71,
22,-40,923000,71,
22,-40,923000,71,
22,-40,923000,71,
22,-40,923000,71,
22,-40,923000,71,
0,0,2621467,0,phantom
0,0,15355987,0,phantom
0,0,4201396,0,phantom
1,-1,16777111,2,phantom
Unknown error
0,0,4070346,0,phantom
22,-40,924800,71,
22,-40,924800,71,
22,-40,924800,71,
22,-40,924800,71,
22,-40,924800,71,
22,-40,924800,71,
22,-40,924800,71,
22,-40,924800,71,
22,-40,924800,71,
22,-40,924800,71,
0,0,4201396,0,phantom
22,-40,922600,71,
22,-40,922600,71,
22,-40,922600,71,
22,-40,922600,71,
22,-40,922600,71,
22,-40,922600,71,
22,-40,922600,71,
22,-40,922600,71,
22,-40,922600,71,
22,-40,922600,71,
0,0,4201396,0,phantom
22,-40,921600,71,
22,-40,921600,71,
22,-40,921600,71,
22,-40,921600,71,
22,-40,921600,71,
22,-40,921600,71,
22,-40,921600,71,
0,0,2621467,0,phantom
0,0,15421522,0,phantom
0,0,4135883,0,phantom
1,-1,16777111,30,phantom
Unknown error
Unknown error
Unknown error
0,0,4004809,0,phantom
21,-39,926200,71,
22,-39,926200,71,
21,-39,926200,71,
21,-39,926200,71,
21,-39,926200,71,
21,-39,926200,71,
20,-39,926200,71,
21,-39,926200,71,
22,-39,926200,71,
21,-39,926200,71,
0,0,4135883,0,phantom
22,-39,925000,71,
Unknown error
0,0,4070346,0,phantom
22,-39,925800,71,
22,-39,925800,71,
22,-39,925800,71,
21,-39,925800,71,
22,-39,925800,71,
22,-39,925800,71,
22,-39,925800,71,
22,-39,925800,71,
21,-39,925800,71,
21,-39,925800,71,
0,0,4135883,0,phantom
22,-40,920600,71,
22,-40,920600,71,
22,-40,920600,71,
22,-39,920600,71,
22,-40,920600,71,
22,-40,920600,71,
22,-40,920600,71,
22,-40,920600,71,
22,-40,920600,71,
22,-40,920600,71,
0,0,4135883,0,phantom
22,-40,924200,71,
22,-40,924200,71,
22,-40,924200,71,
22,-39,924200,71,
22,-40,924200,71,
22,-39,924200,71,
22,-40,924200,71,
0,0,2621467,0,phantom
0,0,15355987,0,phantom
0,0,4135883,0,phantom
1,-1,16777111,1,phantom
0,0,4135883,0,phantom
22,-40,921400,71,
22,-40,921400,71,
22,-40,921400,71,
22,-40,921400,71,
22,-40,921400,71,
22,-40,921400,71,
22,-40,921400,71,
Tag recording finished
22,-40,921400,71,
0,0,8916993,0,phantom
Unknown error
0,0,4135883,0,phantom
22,-38,917400,82,
22,-38,917400,82,
22,-38,917400,82,
22,-38,917400,82,
22,-38,917400,82,
22,-39,917400,82,
22,-39,917400,82,
22,-39,917400,82,
22,-39,917400,82,
22,-40,917400,82,
0,0,4070346,0,phantom
22,-40,926400,82,
22,-40,926400,82,
21,-40,926400,82,
22,-40,926400,82,
22,-40,926400,82,
22,-40,926400,82,
22,-40,926400,82,
22,-40,926400,82,
22,-40,926400,82,
0,0,4201396,0,phantom
22,-40,924000,82,
Unknown error
Unknown error
0,0,4135883,0,phantom
22,-40,922200,82,
22,-40,922200,82,
22,-40,922200,82,
22,-40,922200,82,
22,-40,922200,82,
22,-40,922200,82,
22,-40,922200,82,
22,-40,922200,82,
22,-40,922200,82,
22,-40,922200,82,
0,0,4135883,0,phantom
22,-40,922400,82,
22,-40,922400,82,
22,-40,922400,82,
22,-40,922400,82,
22,-40,922400,82,
22,-40,922400,82,
22,-40,922400,82,
22,-40,922400,82,
22,-40,922400,82,
22,-40,922400,82,
0,0,4135883,0,phantom
23,-40,917600,82,
22,-40,917600,82,
22,-40,917600,82,
22,-40,917600,82,
22,-40,917600,82,
22,-40,917600,82,
22,-40,917600,82,
0,0,2621467,0,phantom
0,0,15355987,0,phantom
0,0,4135883,0,phantom
16,-1,16777215,14,phantom
0,0,4135883,0,phantom
22,-40,923600,82,
22,-40,923600,82,
22,-40,923600,82,
22,-40,923600,82,
22,-40,923600,82,
22,-40,923600,82,
22,-40,923600,82,
22,-40,923600,82,
22,-40,923600,82,
22,-40,923600,82,
0,0,4201396,0,phantom
22,-40,921800,82,
22,-40,921800,82,
22,-40,921800,82,
22,-40,921800,82,
22,-40,921800,82,
22,-40,921800,82,
22,-40,921800,82,
22,-40,921800,82,
22,-40,921800,82,
22,-40,921800,82,
0,0,4201396,0,phantom
22,-40,923200,82,
22,-40,923200,82,
22,-40,923200,82,
22,-40,923200,82,
22,-40,923200,82,
22,-40,923200,82,
22,-40,923200,82,
0,0,2621467,0,phantom
0,0,15355987,0,phantom
0,0,4201396,0,phantom
31,-1,16747242,136,phantom
Unknown error
Unknown error
Unknown error
0,0,4135883,0,phantom
22,-39,926200,82,
22,-39,926200,82,
22,-39,926200,82,
22,-39,926200,82,
21,-38,926200,82,
21,-38,926200,82,
21,-38,926200,82,
21,-38,926200,82,
22,-39,926200,82,
22,-39,926200,82,
0,0,4070346,0,phantom
22,-40,925000,82,
Unknown error
Unknown error
0,0,4135883,0,phantom
22,-40,922600,82,
22,-40,922600,82,
22,-40,922600,82,
22,-40,922600,82,
22,-40,922600,82,
22,-40,922600,82,
22,-40,922600,82,
22,-40,922600,82,
22,-40,922600,82,
22,-40,922600,82,
0,0,4201396,0,phantom
22,-40,921600,82,
22,-40,921600,82,
22,-40,921600,82,
22,-40,921600,82,
Tag recording finished
22,-40,921600,82,
0,0,8916993,0,phantom
0,0,4135883,0,phantom
20,-38,925200,87,
21,-38,925200,87,
21,-38,925200,87,
21,-39,925200,87,
21,-39,925200,87,
21,-38,925200,87,
21,-38,925200,87,
21,-39,925200,87,
21,-38,925200,87,
20,-38,925200,87,
0,0,4135883,0,phantom
22,-39,918400,87,
22,-39,918400,87,
22,-38,918400,87,
22,-38,918400,87,
21,-38,918400,87,
22,-38,918400,87,
22,-38,918400,87,
21,-38,918400,87,
21,-38,918400,87,
22,-38,918400,87,
0,0,4135883,0,phantom
21,-38,919200,87,
22,-38,919200,87,
22,-38,919200,87,
22,-39,919200,87,
22,-39,919200,87,
22,-39,919200,87,
22,-38,919200,87,
0,0,2621467,0,phantom
0,0,15224913,0,phantom
0,0,4201396,0,phantom
1,-1,16777086,23,phantom
Unknown error
Unknown error
Unknown error
0,0,4135883,0,phantom
22,-39,918400,87,
22,-39,918400,87,
22,-39,918400,87,
22,-39,918400,87,
22,-39,918400,87,
22,-39,918400,87,
21,-39,918400,87,
22,-39,918400,87,
22,-39,918400,87,
22,-39,918400,87,
0,0,4266933,0,phantom
22,-39,919200,87,
22,-39,919200,87,
22,-39,919200,87,
22,-39,919200,87,
22,-39,919200,87,
22,-39,919200,87,
22,-39,919200,87,
22,-39,919200,87,
22,-39,919200,87,
22,-39,919200,87,
0,0,4135883,0,phantom
22,-39,923600,87,
22,-39,923600,87,
22,-39,923600,87,
22,-39,923600,87,
22,-39,923600,87,
22,-39,923600,87,
22,-39,923600,87,
0,0,2621467,0,phantom
0,0,15224913,0,phantom
0,0,4201396,0,phantom
31,-1,16744116,200,phantom
Unknown error
Unknown error
Unknown error
21,-39,926400,87,
21,-38,926400,87,
21,-39,926400,87,
21,-39,926400,87,
20,-39,926400,87,
0,0,2621466,0,phantom
0,0,15749193,0,phantom
0,0,4266933,0,phantom
1,-1,16777086,25,phantom
0,0,4266933,0,phantom
21,-39,925000,87,
22,-39,925000,87,
22,-39,925000,87,
21,-39,925000,87,
21,-39,925000,87,
21,-39,925000,87,
21,-39,925000,87,
22,-39,925000,87,
21,-39,925000,87,
21,-39,925000,87,
0,0,4201396,0,phantom
22,-39,918600,87,
22,-39,918600,87,
22,-39,918600,87,
22,-39,918600,87,
22,-39,918600,87,
22,-39,918600,87,
22,-39,918600,87,
22,-39,918600,87,
22,-39,918600,87,
22,-39,918600,87,
0,0,4266933,0,phantom
22,-39,918800,87,
22,-39,918800,87,
22,-39,918800,87,
22,-39,918800,87,
22,-39,918800,87,
22,-39,918800,87,
22,-39,918800,87,
0,0,2621467,0,phantom
0,0,15224913,0,phantom
0,0,4266933,0,phantom
1,-1,16777086,21,phantom
0,0,4266933,0,phantom
22,-39,925400,87,
22,-39,925400,87,
21,-39,925400,87,
22,-39,925400,87,
21,-39,925400,87,
21,-39,925400,87,
21,-39,925400,87,
21,-39,925400,87,
21,-39,925400,87,
22,-39,925400,87,
0,0,4201396,0,phantom
22,-39,922200,87,
21,-39,922200,87,
22,-39,922200,87,
Tag recording finished
