SSerial connected. Beginning program...
Data is in CSV format below
22,-40,926800,87,
0,0,8916993,0,phantom
0,0,4266933,0,phantom
22,-40,918800,87,
22,-39,918800,87,
22,-39,918800,87,
22,-39,918800,87,
22,-39,918800,87,
22,-39,918800,87,
22,-39,918800,87,
22,-39,918800,87,
22,-39,918800,87,
22,-39,918800,87,
0,0,4266933,0,phantom
22,-39,923000,87,
22,-39,923000,87,
22,-39,923000,87,
22,-39,923000,87,
22,-39,923000,87,
22,-39,923000,87,
22,-39,923000,87,
22,-40,923000,87,
22,-39,923000,87,
22,-39,923000,87,
0,0,4266933,0,phantom
22,-39,918200,87,
22,-39,918200,87,
22,-39,918200,87,
22,-39,918200,87,
22,-39,918200,87,
22,-39,918200,87,
22,-40,918200,87,
0,0,2621467,0,phantom
0,0,15290448,0,phantom
0,0,4332470,0,phantom
1,-1,16777215,37,phantom
0,0,4332470,0,phantom
22,-39,922400,87,
22,-39,922400,87,
22,-39,922400,87,
22,-39,922400,87,
22,-40,922400,87,
22,-40,922400,87,
22,-39,922400,87,
22,-39,922400,87,
22,-39,922400,87,
22,-40,922400,87,
0,0,4201396,0,phantom
22,-39,917600,87,
22,-39,917600,87,
22,-39,917600,87,
22,-39,917600,87,
22,-39,917600,87,
22,-39,917600,87,
22,-39,917600,87,
22,-39,917600,87,
22,-39,917600,87,
22,-39,917600,87,
0,0,4332470,0,phantom
22,-39,920400,87,
22,-39,920400,87,
22,-39,920400,87,
22,-39,920400,87,
22,-39,920400,87,
22,-39,920400,87,
22,-39,920400,87,
0,0,2621467,0,phantom
0,0,15290448,0,phantom
0,0,4201396,0,phantom
1,-1,16777086,32,phantom
0,0,4266933,0,phantom
22,-39,926800,87,
22,-39,926800,87,
22,-39,926800,87,
22,-39,926800,87,
22,-39,926800,87,
22,-39,926800,87,
21,-39,926800,87,
22,-39,926800,87,
22,-39,926800,87,
0,0,4266933,0,phantom
22,-39,920800,87,
Unknown error
Unknown error
Unknown error
Unknown error
Unknown error
22,-40,926400,87,
22,-39,926400,87,
22,-39,926400,87,
22,-40,926400,87,
22,-39,926400,87,
0,0,2621466,0,phantom
0,0,15552596,0,phantom
0,0,4266933,0,phantom
22,-40,924000,87,
Unknown error
0,0,4266933,0,phantom
22,-39,925000,87,
22,-39,925000,87,
22,-39,925000,87,
22,-39,925000,87,
22,-39,925000,87,
22,-39,925000,87,
22,-39,925000,87,
22,-39,925000,87,
22,-39,925000,87,
22,-40,925000,87,
0,0,4266933,0,phantom
22,-39,918600,87,
22,-40,918600,87,
22,-40,918600,87,
22,-39,918600,87,
22,-40,918600,87,
22,-40,918600,87,
22,-39,918600,87,
22,-39,918600,87,
22,-40,918600,87,
22,-40,918600,87,
0,0,4201396,0,phantom
22,-39,918800,87,
22,-40,918800,87,
22,-39,918800,87,
22,-39,918800,87,
22,-39,918800,87,
22,-39,918800,87,
22,-40,918800,87,
0,0,2621467,0,phantom
0,0,15355987,0,phantom
0,0,4266933,0,phantom
16,-1,16777215,14,phantom
0,0,4266933,0,phantom
22,-39,925400,87,
22,-39,925400,87,
Tag recording finished
22,-40,922800,82,
22,-40,922800,82,
22,-40,922800,82,
22,-40,922800,82,
22,-40,922800,82,
22,-40,922800,82,
22,-40,922800,82,
22,-40,922800,82,
22,-40,922800,82,
0,0,4266933,0,phantom
23,-40,919000,82,
Unknown error
Unknown error
Unknown error
0,0,15224913,0,phantom
0,0,4266933,0,phantom
22,-40,926400,82,
Unknown error
0,0,4332470,0,phantom
22,-39,926200,82,
22,-39,926200,82,
22,-39,926200,82,
22,-40,926200,82,
22,-40,926200,82,
22,-40,926200,82,
23,-40,926200,82,
22,-40,926200,82,
22,-40,926200,82,
0,0,4332470,0,phantom
22,-40,925000,82,
Unknown error
Unknown error
Unknown error
0,0,4201396,0,phantom
23,-41,921800,82,
23,-40,921800,82,
23,-40,921800,82,
23,-41,921800,82,
23,-40,921800,82,
23,-40,921800,82,
23,-41,921800,82,
23,-41,921800,82,
23,-40,921800,82,
23,-40,921800,82,
0,0,4266933,0,phantom
23,-40,923200,82,
23,-40,923200,82,
23,-40,923200,82,
23,-40,923200,82,
23,-40,923200,82,
23,-40,923200,82,
23,-40,923200,82,
23,-40,923200,82,
23,-40,923200,82,
23,-40,923200,82,
0,0,4266933,0,phantom
23,-40,920200,82,
23,-40,920200,82,
23,-40,920200,82,
24,-40,920200,82,
23,-40,920200,82,
23,-40,920200,82,
23,-40,920200,82,
0,0,2621467,0,phantom
0,0,15355987,0,phantom
0,0,4332470,0,phantom
1,-1,16777098,7,phantom
Unknown error
Unknown error
Unknown error
Unknown error
22,-40,926400,82,
23,-41,926400,82,
23,-41,926400,82,
22,-41,926400,82,
22,-41,926400,82,
0,0,2621467,0,phantom
0,0,16011341,0,phantom
0,0,4266933,0,phantom
16,-1,16777215,14,phantom
0,0,4332470,0,phantom
23,-41,925000,82,
23,-41,925000,82,
22,-41,925000,82,
23,-41,925000,82,
23,-41,925000,82,
23,-41,925000,82,
23,-41,925000,82,
23,-41,925000,82,
23,-40,925000,82,
23,-41,925000,82,
0,0,4332470,0,phantom
23,-41,918600,82,
23,-41,918600,82,
24,-41,918600,82,
23,-41,918600,82,
24,-41,918600,82,
23,-41,918600,82,
23,-41,918600,82,
24,-41,918600,82,
23,-41,918600,82,
23,-41,918600,82,
0,0,4266933,0,phantom
23,-41,918800,82,
24,-41,918800,82,
23,-41,918800,82,
23,-41,918800,82,
23,-41,918800,82,
23,-41,918800,82,
23,-41,918800,82,
0,0,2621467,0,phantom
0,0,15290448,0,phantom
0,0,4332470,0,phantom
16,-1,16777215,14,phantom
0,0,4266933,0,phantom
23,-41,925400,82,
22,-41,925400,82,
23,-41,925400,82,
23,-41,925400,82,
23,-41,925400,82,
23,-40,925400,82,
23,-40,925400,82,
23,-41,925400,82,
23,-41,925400,82,
23,-41,925400,82,
Tag recording finished
0,0,4266933,0,phantom
23,-41,922200,82,
23,-41,927000,71,
24,-41,927000,71,
23,-41,927000,71,
23,-41,927000,71,
23,-41,927000,71,
23,-41,927000,71,
24,-41,927000,71,
0,0,4201396,0,phantom
24,-41,925400,71,
Unknown error
0,0,4266933,0,phantom
23,-41,923600,71,
22,-40,923600,71,
23,-41,923600,71,
23,-41,923600,71,
23,-41,923600,71,
24,-41,923600,71,
23,-41,923600,71,
24,-41,923600,71,
23,-41,923600,71,
23,-41,923600,71,
0,0,4266933,0,phantom
24,-41,921800,71,
23,-41,921800,71,
24,-41,921800,71,
23,-41,921800,71,
23,-41,921800,71,
24,-41,921800,71,
23,-41,921800,71,
23,-41,921800,71,
24,-41,921800,71,
23,-41,921800,71,
0,0,4266933,0,phantom
24,-41,923200,71,
23,-41,923200,71,
24,-41,923200,71,
23,-41,923200,71,
23,-41,923200,71,
23,-41,923200,71,
23,-41,923200,71,
0,0,2621467,0,phantom
0,0,15290448,0,phantom
0,0,4201396,0,phantom
31,-1,16750568,136,phantom
Unknown error
Unknown error
Unknown error
Unknown error
0,0,4201396,0,phantom
24,-41,919400,71,
23,-41,919400,71,
24,-41,919400,71,
24,-41,919400,71,
24,-41,919400,71,
24,-41,919400,71,
24,-41,919400,71,
24,-41,919400,71,
24,-41,919400,71,
24,-41,919400,71,
0,0,4266933,0,phantom
24,-41,921200,71,
24,-41,921200,71,
24,-41,921200,71,
24,-41,921200,71,
24,-41,921200,71,
24,-41,921200,71,
24,-41,921200,71,
24,-41,921200,71,
24,-41,921200,71,
24,-41,921200,71,
0,0,4332470,0,phantom
22,-41,926600,71,
23,-41,926600,71,
22,-41,926600,71,
22,-41,926600,71,
23,-41,926600,71,
23,-41,926600,71,
23,-41,926600,71,
0,0,2621467,0,phantom
0,0,15945802,0,phantom
0,0,4332470,0,phantom
1,-1,16777215,36,phantom
0,0,4201396,0,phantom
23,-41,923800,71,
23,-41,923800,71,
24,-41,923800,71,
23,-41,923800,71,
23,-41,923800,71,
23,-41,923800,71,
23,-41,923800,71,
23,-41,923800,71,
24,-41,923800,71,
23,-41,923800,71,
0,0,4201396,0,phantom
24,-41,921000,71,
24,-41,921000,71,
24,-41,921000,71,
24,-41,921000,71,
24,-41,921000,71,
24,-41,921000,71,
24,-41,921000,71,
24,-41,921000,71,
24,-41,921000,71,
23,-41,921000,71,
0,0,4266933,0,phantom
23,-41,924600,71,
23,-41,924600,71,
23,-41,924600,71,
23,-41,924600,71,
24,-41,924600,71,
23,-41,924600,71,
23,-41,924600,71,
0,0,2621467,0,phantom
0,0,15355987,0,phantom
0,0,4266933,0,phantom
16,-1,16777215,14,phantom
Unknown error
Unknown error
Unknown error
24,-41,926400,71,
24,-41,926400,71,
24,-41,926400,71,
24,-41,926400,71,
24,-41,926400,71,
0,0,2621467,0,phantom
0,0,15945802,0,phantom
0,0,4332470,0,phantom
1,-1,16777111,25,phantom
0,0,4266933,0,phantom
24,-41,925000,71,
24,-41,925000,71,
24,-41,925000,71,
24,-41,925000,71,
24,-41,925000,71,
Tag recording finished
