SSerial connected. Beginning program...
Data is in CSV format below
22,-39,922200,87,
0,0,8916993,0,phantom
Unknown error
0,0,4135883,0,phantom
26,-44,922000,66,
26,-44,922000,66,
26,-44,922000,66,
26,-44,922000,66,
26,-44,922000,66,
26,-44,922000,66,
26,-44,922000,66,
26,-44,922000,66,
26,-44,922000,66,
26,-44,922000,66,
0,0,4201396,0,phantom
26,-44,917800,66,
26,-44,917800,66,
26,-44,917800,66,
26,-44,917800,66,
26,-44,917800,66,
26,-44,917800,66,
26,-44,917800,66,
26,-44,917800,66,
26,-44,917800,66,
26,-44,917800,66,
0,0,4201396,0,phantom
26,-44,922800,66,
26,-44,922800,66,
26,-44,922800,66,
26,-44,922800,66,
26,-44,922800,66,
26,-44,922800,66,
26,-44,922800,66,
0,0,2621467,0,phantom
0,0,15224913,0,phantom
0,0,4266933,0,phantom
31,-1,16768311,216,phantom
Unknown error
Unknown error
Unknown error
26,-44,926400,66,
26,-44,926400,66,
26,-44,926400,66,
26,-44,926400,66,
26,-44,926400,66,
26,-44,926400,66,
0,0,2621466,0,phantom
0,0,15224913,0,phantom
0,0,4266933,0,phantom
1,-1,16777181,25,phantom
0,0,4135883,0,phantom
26,-44,925000,66,
26,-44,925000,66,
26,-44,925000,66,
26,-44,925000,66,
26,-44,925000,66,
26,-44,925000,66,
26,-44,925000,66,
26,-44,925000,66,
26,-44,925000,66,
26,-44,925000,66,
0,0,4201396,0,phantom
26,-44,918600,66,
26,-44,918600,66,
26,-44,918600,66,
26,-44,918600,66,
26,-44,918600,66,
26,-44,918600,66,
26,-44,918600,66,
26,-44,918600,66,
26,-44,918600,66,
26,-44,918600,66,
0,0,4201396,0,phantom
26,-44,918800,66,
26,-44,918800,66,
26,-44,918800,66,
26,-44,918800,66,
26,-44,918800,66,
26,-44,918800,66,
26,-44,918800,66,
0,0,2621467,0,phantom
0,0,15290448,0,phantom
0,0,4266933,0,phantom
1,-1,16777181,21,phantom
0,0,4266933,0,phantom
26,-44,925400,66,
26,-44,925400,66,
26,-44,925400,66,
26,-44,925400,66,
26,-44,925400,66,
26,-44,925400,66,
26,-44,925400,66,
26,-44,925400,66,
26,-44,925400,66,
26,-44,925400,66,
0,0,4266933,0,phantom
26,-44,922200,66,
26,-44,922200,66,
26,-44,922200,66,
26,-44,922200,66,
26,-44,922200,66,
26,-44,922200,66,
26,-44,922200,66,
26,-44,922200,66,
26,-44,922200,66,
26,-44,922200,66,
0,0,4201396,0,phantom
26,-44,922400,66,
26,-44,922400,66,
26,-44,922400,66,
26,-44,922400,66,
26,-44,922400,66,
26,-44,922400,66,
26,-44,922400,66,
0,0,2621467,0,phantom
0,0,15290448,0,phantom
0,0,4266933,0,phantom
16,-1,16777215,14,phantom
Unknown error
Unknown error
0,0,4266933,0,phantom
26,-44,921200,66,
26,-44,921200,66,
26,-44,921200,66,
26,-44,921200,66,
26,-44,921200,66,
26,-44,921200,66,
26,-44,921200,66,
26,-44,921200,66,
26,-44,921200,66,
26,-44,921200,66,
0,0,4201396,0,phantom
26,-44,926600,66,
26,-44,926600,66,
Tag recording finished
26,-44,926600,66,
0,0,8916993,0,phantom
0,0,4266933,0,phantom
26,-45,925400,86,
26,-45,925400,86,
27,-45,925400,86,
27,-44,925400,86,
27,-44,925400,86,
26,-44,925400,86,
27,-45,925400,86,
27,-44,925400,86,
27,-44,925400,86,
26,-44,925400,86,
0,0,4201396,0,phantom
27,-44,922200,86,
27,-44,922200,86,
27,-44,922200,86,
27,-44,922200,86,
27,-44,922200,86,
27,-44,922200,86,
27,-44,922200,86,
28,-44,922200,86,
27,-44,922200,86,
27,-44,922200,86,
0,0,4266933,0,phantom
27,-45,922400,86,
27,-45,922400,86,
28,-44,922400,86,
27,-45,922400,86,
28,-45,922400,86,
27,-45,922400,86,
27,-44,922400,86,
0,0,2621467,0,phantom
0,0,15355987,0,phantom
0,0,4201396,0,phantom
1,-1,16777023,0,phantom
0,0,4266933,0,phantom
27,-44,921200,86,
27,-44,921200,86,
27,-44,921200,86,
27,-44,921200,86,
27,-44,921200,86,
27,-44,921200,86,
27,-44,921200,86,
27,-44,921200,86,
27,-44,921200,86,
27,-44,921200,86,
0,0,4266933,0,phantom
26,-44,926600,86,
26,-44,926600,86,
26,-44,926600,86,
26,-44,926600,86,
26,-44,926600,86,
26,-44,926600,86,
26,-44,926600,86,
27,-44,926600,86,
26,-44,926600,86,
26,-44,926600,86,
0,0,4135883,0,phantom
26,-44,926800,86,
Unknown error
0,0,4135883,0,phantom
27,-44,920800,86,
27,-44,920800,86,
27,-44,920800,86,
27,-44,920800,86,
27,-44,920800,86,
27,-44,920800,86,
28,-44,920800,86,
27,-44,920800,86,
27,-44,920800,86,
27,-44,920800,86,
0,0,4201396,0,phantom
27,-44,924400,86,
27,-44,924400,86,
27,-44,924400,86,
27,-44,924400,86,
27,-44,924400,86,
27,-44,924400,86,
27,-44,924400,86,
27,-44,924400,86,
27,-44,924400,86,
27,-44,924400,86,
0,0,4266933,0,phantom
27,-44,923800,86,
27,-45,923800,86,
27,-44,923800,86,
27,-44,923800,86,
27,-44,923800,86,
27,-44,923800,86,
27,-44,923800,86,
0,0,2621467,0,phantom
0,0,15290448,0,phantom
0,0,4266933,0,phantom
1,-1,16777023,13,phantom
0,0,4266933,0,phantom
27,-44,925200,86,
26,-44,925200,86,
27,-44,925200,86,
26,-44,925200,86,
26,-44,925200,86,
27,-44,925200,86,
27,-44,925200,86,
26,-44,925200,86,
27,-44,925200,86,
27,-44,925200,86,
0,0,4266933,0,phantom
27,-44,918400,86,
27,-44,918400,86,
27,-44,918400,86,
27,-44,918400,86,
27,-44,918400,86,
27,-44,918400,86,
27,-44,918400,86,
27,-44,918400,86,
27,-44,918400,86,
27,-44,918400,86,
0,0,4201396,0,phantom
27,-44,919200,86,
27,-44,919200,86,
27,-44,919200,86,
27,-44,919200,86,
Tag recording finished
27,-44,919200,86,
0,0,8916993,0,phantom
0,0,4201396,0,phantom
27,-46,926000,71,
26,-46,926000,71,
27,-46,926000,71,
26,-46,926000,71,
26,-45,926000,71,
26,-45,926000,71,
26,-45,926000,71,
26,-45,926000,71,
26,-45,926000,71,
0,0,4201396,0,phantom
26,-45,919600,71,
27,-45,919600,71,
27,-45,919600,71,
27,-45,919600,71,
27,-45,919600,71,
27,-45,919600,71,
27,-45,919600,71,
27,-45,919600,71,
26,-46,919600,71,
27,-46,919600,71,
0,0,4332470,0,phantom
26,-45,924800,71,
26,-46,924800,71,
26,-46,924800,71,
27,-46,924800,71,
27,-46,924800,71,
27,-46,924800,71,
0,0,2621465,0,phantom
0,0,15290448,0,phantom
0,0,4201396,0,phantom
26,-46,922600,71,
27,-46,922600,71,
27,-46,922600,71,
26,-46,922600,71,
27,-46,922600,71,
27,-46,922600,71,
27,-46,922600,71,
27,-46,922600,71,
27,-46,922600,71,
27,-46,922600,71,
0,0,4201396,0,phantom
27,-46,921600,71,
27,-46,921600,71,
26,-46,921600,71,
27,-46,921600,71,
27,-46,921600,71,
27,-46,921600,71,
28,-46,921600,71,
26,-46,921600,71,
27,-46,921600,71,
27,-46,921600,71,
0,0,4266933,0,phantom
27,-46,925200,71,
27,-46,925200,71,
27,-46,925200,71,
27,-46,925200,71,
26,-46,925200,71,
27,-46,925200,71,
27,-46,925200,71,
0,0,2621467,0,phantom
0,0,15618135,0,phantom
0,0,4201396,0,phantom
1,-1,16777111,3,phantom
0,0,4266933,0,phantom
27,-46,919000,71,
27,-46,919000,71,
27,-46,919000,71,
27,-46,919000,71,
27,-46,919000,71,
27,-46,919000,71,
26,-46,919000,71,
27,-46,919000,71,
27,-46,919000,71,
27,-46,919000,71,
0,0,4266933,0,phantom
26,-46,917400,71,
27,-46,917400,71,
27,-46,917400,71,
27,-46,917400,71,
27,-46,917400,71,
27,-46,917400,71,
27,-46,917400,71,
27,-46,917400,71,
27,-46,917400,71,
27,-46,917400,71,
0,0,4201396,0,phantom
26,-46,926400,71,
26,-46,926400,71,
26,-46,926400,71,
26,-46,926400,71,
26,-46,926400,71,
26,-46,926400,71,
0,0,2621466,0,phantom
0,0,15290448,0,phantom
0,0,4266933,0,phantom
114,-46,924000,255,
0,0,4266933,0,phantom
27,-46,925000,71,
27,-46,925000,71,
27,-46,925000,71,
26,-46,925000,71,
27,-46,925000,71,
27,-46,925000,71,
27,-46,925000,71,
26,-46,925000,71,
27,-46,925000,71,
27,-46,925000,71,
0,0,4266933,0,phantom
27,-46,918600,71,
27,-46,918600,71,
27,-46,918600,71,
27,-46,918600,71,
28,-46,918600,71,
27,-46,918600,71,
27,-46,918600,71,
27,-46,918600,71,
27,-46,918600,71,
27,-46,918600,71,
Tag recording finished
0,0,4201396,0,phantom
27,-46,918800,71,
0,0,4266933,0,phantom
26,-44,920200,82,
26,-44,920200,82,
26,-44,920200,82,
26,-44,920200,82,
26,-44,920200,82,
26,-44,920200,82,
26,-44,920200,82,
26,-44,920200,82,
26,-44,920200,82,
26,-44,920200,82,
0,0,4201396,0,phantom
26,-44,919400,82,
26,-44,919400,82,
26,-44,919400,82,
26,-44,919400,82,
26,-44,919400,82,
26,-44,919400,82,
26,-44,919400,82,
26,-44,919400,82,
26,-44,919400,82,
26,-44,919400,82,
0,0,4266933,0,phantom
26,-44,921200,82,
26,-44,921200,82,
26,-44,921200,82,
26,-44,921200,82,
26,-44,921200,82,
26,-45,921200,82,
26,-44,921200,82,
0,0,2621467,0,phantom
0,0,15355987,0,phantom
0,0,4201396,0,phantom
1,-1,16777215,35,phantom
0,0,4332470,0,phantom
26,-44,924400,82,
26,-44,924400,82,
26,-44,924400,82,
26,-44,924400,82,
26,-44,924400,82,
26,-44,924400,82,
26,-44,924400,82,
26,-44,924400,82,
26,-44,924400,82,
26,-44,924400,82,
0,0,4135883,0,phantom
26,-44,923800,82,
26,-45,923800,82,
26,-44,923800,82,
26,-44,923800,82,
26,-44,923800,82,
26,-44,923800,82,
26,-45,923800,82,
26,-44,923800,82,
26,-45,923800,82,
26,-44,923800,82,
0,0,4266933,0,phantom
26,-44,921000,82,
26,-44,921000,82,
26,-44,921000,82,
26,-44,921000,82,
26,-44,921000,82,
26,-44,921000,82,
26,-44,921000,82,
0,0,2621467,0,phantom
0,0,15224913,0,phantom
0,0,4266933,0,phantom
31,-1,16777098,184,phantom
Unknown error
Unknown error
0,0,4201396,0,phantom
26,-45,926200,82,
26,-45,926200,82,
26,-44,926200,82,
26,-44,926200,82,
26,-44,926200,82,
26,-44,926200,82,
26,-44,926200,82,
26,-44,926200,82,
26,-44,926200,82,
0,0,4201396,0,phantom
26,-44,925000,82,
26,-45,925000,82,
26,-44,925000,82,
26,-44,925000,82,
26,-45,925000,82,
26,-45,925000,82,
26,-44,925000,82,
26,-44,925000,82,
26,-44,925000,82,
26,-44,925000,82,
0,0,4201396,0,phantom
26,-44,918600,82,
26,-44,918600,82,
26,-44,918600,82,
26,-44,918600,82,
26,-44,918600,82,
26,-44,918600,82,
26,-44,918600,82,
0,0,2621466,0,phantom
0,0,15224913,0,phantom
0,0,4266933,0,phantom
31,-1,16777098,16,phantom
Unknown error
0,0,4266933,0,phantom
26,-44,919400,82,
26,-44,919400,82,
26,-44,919400,82,
26,-44,919400,82,
26,-44,919400,82,
26,-44,919400,82,
26,-44,919400,82,
26,-44,919400,82,
26,-44,919400,82,
26,-44,919400,82,
0,0,4266933,0,phantom
26,-44,921200,82,
26,-44,921200,82,
26,-44,921200,82,
26,-45,921200,82,
26,-44,921200,82,
26,-44,921200,82,
26,-44,921200,82,
26,-44,921200,82,
26,-44,921200,82,
Tag recording finished
26,-44,921200,82,
0,0,8916993,0,phantom
Unknown error
0,0,4201396,0,phantom
27,-45,920200,87,
27,-45,920200,87,
27,-45,920200,87,
27,-45,920200,87,
27,-45,920200,87,
27,-45,920200,87,
27,-45,920200,87,
26,-45,920200,87,
26,-45,920200,87,
26,-45,920200,87,
0,0,4332470,0,phantom
27,-45,919400,87,
26,-45,919400,87,
27,-45,919400,87,
27,-45,919400,87,
27,-45,919400,87,
26,-45,919400,87,
26,-45,919400,87,
27,-45,919400,87,
27,-44,919400,87,
26,-44,919400,87,
0,0,4266933,0,phantom
26,-44,921200,87,
26,-44,921200,87,
26,-44,921200,87,
26,-44,921200,87,
26,-44,921200,87,
26,-44,921200,87,
26,-44,921200,87,
0,0,2621467,0,phantom
0,0,15290448,0,phantom
0,0,4266933,0,phantom
1,-1,16777086,35,phantom
0,0,4332470,0,phantom
26,-44,924400,87,
26,-44,924400,87,
26,-44,924400,87,
26,-44,924400,87,
26,-44,924400,87,
26,-44,924400,87,
26,-44,924400,87,
26,-44,924400,87,
26,-45,924400,87,
26,-44,924400,87,
0,0,4266933,0,phantom
26,-45,923800,87,
26,-44,923800,87,
26,-44,923800,87,
26,-44,923800,87,
26,-44,923800,87,
26,-44,923800,87,
26,-44,923800,87,
26,-44,923800,87,
26,-44,923800,87,
26,-44,923800,87,
0,0,4201396,0,phantom
26,-44,921000,87,
26,-44,921000,87,
26,-44,921000,87,
26,-44,921000,87,
26,-44,921000,87,
26,-44,921000,87,
26,-44,921000,87,
0,0,2621467,0,phantom
0,0,15224913,0,phantom
0,0,4201396,0,phantom
1,-1,16777086,27,phantom
Unknown error
Unknown error
0,0,4266933,0,phantom
26,-44,926200,87,
26,-44,926200,87,
26,-44,926200,87,
26,-44,926200,87,
26,-44,926200,87,
26,-44,926200,87,
26,-44,926200,87,
26,-44,926200,87,
26,-44,926200,87,
0,0,4332470,0,phantom
26,-44,925000,87,
26,-44,925000,87,
26,-44,925000,87,
26,-44,925000,87,
26,-44,925000,87,
26,-44,925000,87,
26,-44,925000,87,
26,-44,925000,87,
26,-44,925000,87,
26,-44,925000,87,
0,0,4201396,0,phantom
26,-44,918600,87,
26,-44,918600,87,
26,-44,918600,87,
26,-44,918600,87,
26,-44,918600,87,
26,-44,918600,87,
26,-44,918600,87,
0,0,2621466,0,phantom
0,0,15355987,0,phantom
0,0,4201396,0,phantom
15,-1,16744116,0,phantom
Unknown error
0,0,4332470,0,phantom
27,-45,919400,87,
26,-44,919400,87,
26,-44,919400,87,
27,-44,919400,87,
26,-44,919400,87,
26,-44,919400,87,
26,-44,919400,87,
27,-44,919400,87,
26,-45,919400,87,
26,-44,919400,87,
0,0,4332470,0,phantom
26,-45,921200,87,
26,-45,921200,87,
26,-45,921200,87,
26,-45,921200,87,
27,-45,921200,87,
26,-44,921200,87,
26,-45,921200,87,
26,-45,921200,87,
26,-44,921200,87,
Tag recording finished
